2022-11-01,GBP,SLE,6.397470000215979e-05
2022-11-02,GBP,SLE,6.397470000215979e-05
2022-11-03,GBP,SLE,6.397470000215979e-05
2022-11-04,GBP,SLE,6.397470000215979e-05
2022-11-05,GBP,SLE,6.397470000215979e-05
2022-11-06,GBP,SLE,6.397470000215979e-05
2022-11-07,GBP,SLE,6.397470000215979e-05
2022-11-08,GBP,SLE,6.397470000215979e-05
2022-11-09,GBP,SLE,6.397470000215979e-05
2022-11-10,GBP,SLE,6.397470000215979e-05
2022-11-11,GBP,SLE,6.397470000215979e-05
2022-11-12,GBP,SLE,6.397470000215979e-05
2022-11-13,GBP,SLE,6.397470000215979e-05
2022-11-14,GBP,SLE,6.397470000215979e-05
2022-11-15,GBP,SLE,6.397470000215979e-05
2022-11-16,GBP,SLE,6.397470000215979e-05
2022-11-17,GBP,SLE,6.397470000215979e-05
2022-11-18,GBP,SLE,6.397470000215979e-05
2022-11-19,GBP,SLE,6.397470000215979e-05
2022-11-20,GBP,SLE,6.397470000215979e-05
2022-11-21,GBP,SLE,6.397470000215979e-05
2022-11-22,GBP,SLE,6.397470000215979e-05
2022-11-23,GBP,SLE,6.397470000215979e-05
2022-11-24,GBP,SLE,6.397470000215979e-05
2022-11-25,GBP,SLE,6.397470000215979e-05
2022-11-26,GBP,SLE,6.397470000215979e-05
2022-11-27,GBP,SLE,6.397470000215979e-05
2022-11-28,GBP,SLE,6.397470000215979e-05
2022-11-29,GBP,SLE,6.397470000215979e-05
2022-11-30,GBP,SLE,6.397470000215979e-05
2023-03-01,GBP,SLE,0.04171794497403058
2023-03-02,GBP,SLE,0.04171794497403058
2023-03-03,GBP,SLE,0.04171794497403058
2023-03-04,GBP,SLE,0.04171794497403058
2023-03-05,GBP,SLE,0.04171794497403058
2023-03-06,GBP,SLE,0.04171794497403058
2023-03-07,GBP,SLE,0.04171794497403058
2023-03-08,GBP,SLE,0.04171794497403058
2023-03-09,GBP,SLE,0.04171794497403058
2023-03-10,GBP,SLE,0.04171794497403058
2023-03-11,GBP,SLE,0.04171794497403058
2023-03-12,GBP,SLE,0.04171794497403058
2023-03-13,GBP,SLE,0.04171794497403058
2023-03-14,GBP,SLE,0.04171794497403058
2023-03-15,GBP,SLE,0.04171794497403058
2023-03-16,GBP,SLE,0.04171794497403058
2023-03-17,GBP,SLE,0.04171794497403058
2023-03-18,GBP,SLE,0.04171794497403058
2023-03-19,GBP,SLE,0.04171794497403058
2023-03-20,GBP,SLE,0.04171794497403058
2023-03-21,GBP,SLE,0.04171794497403058
2023-03-22,GBP,SLE,0.04171794497403058
2023-03-23,GBP,SLE,0.04171794497403058
2023-03-24,GBP,SLE,0.04171794497403058
2023-03-25,GBP,SLE,0.04171794497403058
2023-03-26,GBP,SLE,0.04171794497403058
2023-03-27,GBP,SLE,0.04171794497403058
2023-03-28,GBP,SLE,0.04171794497403058
2023-03-29,GBP,SLE,0.04171794497403058
2023-03-30,GBP,SLE,0.04171794497403058
2023-03-31,GBP,SLE,0.04171794497403058
2023-04-01,GBP,SLE,0.038069423400513176
2023-04-02,GBP,SLE,0.038069423400513176
2023-04-03,GBP,SLE,0.038069423400513176
2023-04-04,GBP,SLE,0.038069423400513176
2023-04-05,GBP,SLE,0.038069423400513176
2023-04-06,GBP,SLE,0.038069423400513176
2023-04-07,GBP,SLE,0.038069423400513176
2023-04-08,GBP,SLE,0.038069423400513176
2023-04-09,GBP,SLE,0.038069423400513176
2023-04-10,GBP,SLE,0.038069423400513176
2023-04-11,GBP,SLE,0.038069423400513176
2023-04-12,GBP,SLE,0.038069423400513176
2023-04-13,GBP,SLE,0.038069423400513176
2023-04-14,GBP,SLE,0.038069423400513176
2023-04-15,GBP,SLE,0.038069423400513176
2023-04-16,GBP,SLE,0.038069423400513176
2023-04-17,GBP,SLE,0.038069423400513176
2023-04-18,GBP,SLE,0.038069423400513176
2023-04-19,GBP,SLE,0.038069423400513176
2023-04-20,GBP,SLE,0.038069423400513176
2023-04-21,GBP,SLE,0.038069423400513176
2023-04-22,GBP,SLE,0.038069423400513176
2023-04-23,GBP,SLE,0.038069423400513176
2023-04-24,GBP,SLE,0.038069423400513176
2023-04-25,GBP,SLE,0.038069423400513176
2023-04-26,GBP,SLE,0.038069423400513176
2023-04-27,GBP,SLE,0.038069423400513176
2023-04-28,GBP,SLE,0.038069423400513176
2023-04-29,GBP,SLE,0.038069423400513176
2023-04-30,GBP,SLE,0.038069423400513176
2023-05-01,GBP,SLE,0.035667917421637586
2023-05-02,GBP,SLE,0.035667917421637586
2023-05-03,GBP,SLE,0.035667917421637586
2023-05-04,GBP,SLE,0.035667917421637586
2023-05-05,GBP,SLE,0.035667917421637586
2023-05-06,GBP,SLE,0.035667917421637586
2023-05-07,GBP,SLE,0.035667917421637586
2023-05-08,GBP,SLE,0.035667917421637586
2023-05-09,GBP,SLE,0.035667917421637586
2023-05-10,GBP,SLE,0.035667917421637586
2023-05-11,GBP,SLE,0.035667917421637586
2023-05-12,GBP,SLE,0.035667917421637586
2023-05-13,GBP,SLE,0.035667917421637586
2023-05-14,GBP,SLE,0.035667917421637586
2023-05-15,GBP,SLE,0.035667917421637586
2023-05-16,GBP,SLE,0.035667917421637586
2023-05-17,GBP,SLE,0.035667917421637586
2023-05-18,GBP,SLE,0.035667917421637586
2023-05-19,GBP,SLE,0.035667917421637586
2023-05-20,GBP,SLE,0.035667917421637586
2023-05-21,GBP,SLE,0.035667917421637586
2023-05-22,GBP,SLE,0.035667917421637586
2023-05-23,GBP,SLE,0.035667917421637586
2023-05-24,GBP,SLE,0.035667917421637586
2023-05-25,GBP,SLE,0.035667917421637586
2023-05-26,GBP,SLE,0.035667917421637586
2023-05-27,GBP,SLE,0.035667917421637586
2023-05-28,GBP,SLE,0.035667917421637586
2023-05-29,GBP,SLE,0.035667917421637586
2023-05-30,GBP,SLE,0.035667917421637586
2023-05-31,GBP,SLE,0.035667917421637586
2023-06-01,GBP,SLE,0.035804307974335474
2023-06-02,GBP,SLE,0.035804307974335474
2023-06-03,GBP,SLE,0.035804307974335474
2023-06-04,GBP,SLE,0.035804307974335474
2023-06-05,GBP,SLE,0.035804307974335474
2023-06-06,GBP,SLE,0.035804307974335474
2023-06-07,GBP,SLE,0.035804307974335474
2023-06-08,GBP,SLE,0.035804307974335474
2023-06-09,GBP,SLE,0.035804307974335474
2023-06-10,GBP,SLE,0.035804307974335474
2023-06-11,GBP,SLE,0.035804307974335474
2023-06-12,GBP,SLE,0.035804307974335474
2023-06-13,GBP,SLE,0.035804307974335474
2023-06-14,GBP,SLE,0.035804307974335474
2023-06-15,GBP,SLE,0.035804307974335474
2023-06-16,GBP,SLE,0.035804307974335474
2023-06-17,GBP,SLE,0.035804307974335474
2023-06-18,GBP,SLE,0.035804307974335474
2023-06-19,GBP,SLE,0.035804307974335474
2023-06-20,GBP,SLE,0.035804307974335474
2023-06-21,GBP,SLE,0.035804307974335474
2023-06-22,GBP,SLE,0.035804307974335474
2023-06-23,GBP,SLE,0.035804307974335474
2023-06-24,GBP,SLE,0.035804307974335474
2023-06-25,GBP,SLE,0.035804307974335474
2023-06-26,GBP,SLE,0.035804307974335474
2023-06-27,GBP,SLE,0.035804307974335474
2023-06-28,GBP,SLE,0.035804307974335474
2023-06-29,GBP,SLE,0.035804307974335474
2023-06-30,GBP,SLE,0.035804307974335474
2023-07-01,GBP,SLE,0.04272463545204801
2023-07-02,GBP,SLE,0.04272463545204801
2023-07-03,GBP,SLE,0.04272463545204801
2023-07-04,GBP,SLE,0.04272463545204801
2023-07-05,GBP,SLE,0.04272463545204801
2023-07-06,GBP,SLE,0.04272463545204801
2023-07-07,GBP,SLE,0.04272463545204801
2023-07-08,GBP,SLE,0.04272463545204801
2023-07-09,GBP,SLE,0.04272463545204801
2023-07-10,GBP,SLE,0.04272463545204801
2023-07-11,GBP,SLE,0.04272463545204801
2023-07-12,GBP,SLE,0.04272463545204801
2023-07-13,GBP,SLE,0.04272463545204801
2023-07-14,GBP,SLE,0.04272463545204801
2023-07-15,GBP,SLE,0.04272463545204801
2023-07-16,GBP,SLE,0.04272463545204801
2023-07-17,GBP,SLE,0.04272463545204801
2023-07-18,GBP,SLE,0.04272463545204801
2023-07-19,GBP,SLE,0.04272463545204801
2023-07-20,GBP,SLE,0.04272463545204801
2023-07-21,GBP,SLE,0.04272463545204801
2023-07-22,GBP,SLE,0.04272463545204801
2023-07-23,GBP,SLE,0.04272463545204801
2023-07-24,GBP,SLE,0.04272463545204801
2023-07-25,GBP,SLE,0.04272463545204801
2023-07-26,GBP,SLE,0.04272463545204801
2023-07-27,GBP,SLE,0.04272463545204801
2023-07-28,GBP,SLE,0.04272463545204801
2023-07-29,GBP,SLE,0.04272463545204801
2023-07-30,GBP,SLE,0.04272463545204801
2023-07-31,GBP,SLE,0.04272463545204801
2023-08-01,GBP,SLE,0.03807493146512336
2023-08-02,GBP,SLE,0.03807493146512336
2023-08-03,GBP,SLE,0.03807493146512336
2023-08-04,GBP,SLE,0.03807493146512336
2023-08-05,GBP,SLE,0.03807493146512336
2023-08-06,GBP,SLE,0.03807493146512336
2023-08-07,GBP,SLE,0.03807493146512336
2023-08-08,GBP,SLE,0.03807493146512336
2023-08-09,GBP,SLE,0.03807493146512336
2023-08-10,GBP,SLE,0.03807493146512336
2023-08-11,GBP,SLE,0.03807493146512336
2023-08-12,GBP,SLE,0.03807493146512336
2023-08-13,GBP,SLE,0.03807493146512336
2023-08-14,GBP,SLE,0.03807493146512336
2023-08-15,GBP,SLE,0.03807493146512336
2023-08-16,GBP,SLE,0.03807493146512336
2023-08-17,GBP,SLE,0.03807493146512336
2023-08-18,GBP,SLE,0.03807493146512336
2023-08-19,GBP,SLE,0.03807493146512336
2023-08-20,GBP,SLE,0.03807493146512336
2023-08-21,GBP,SLE,0.03807493146512336
2023-08-22,GBP,SLE,0.03807493146512336
2023-08-23,GBP,SLE,0.03807493146512336
2023-08-24,GBP,SLE,0.03807493146512336
2023-08-25,GBP,SLE,0.03807493146512336
2023-08-26,GBP,SLE,0.03807493146512336
2023-08-27,GBP,SLE,0.03807493146512336
2023-08-28,GBP,SLE,0.03807493146512336
2023-08-29,GBP,SLE,0.03807493146512336
2023-08-30,GBP,SLE,0.03807493146512336
2023-08-31,GBP,SLE,0.03807493146512336
2023-09-01,GBP,SLE,0.03636297521863239
2023-09-02,GBP,SLE,0.03636297521863239
2023-09-03,GBP,SLE,0.03636297521863239
2023-09-04,GBP,SLE,0.03636297521863239
2023-09-05,GBP,SLE,0.03636297521863239
2023-09-06,GBP,SLE,0.03636297521863239
2023-09-07,GBP,SLE,0.03636297521863239
2023-09-08,GBP,SLE,0.03636297521863239
2023-09-09,GBP,SLE,0.03636297521863239
2023-09-10,GBP,SLE,0.03636297521863239
2023-09-11,GBP,SLE,0.03636297521863239
2023-09-12,GBP,SLE,0.03636297521863239
2023-09-13,GBP,SLE,0.03636297521863239
2023-09-14,GBP,SLE,0.03636297521863239
2023-09-15,GBP,SLE,0.03636297521863239
2023-09-16,GBP,SLE,0.03636297521863239
2023-09-17,GBP,SLE,0.03636297521863239
2023-09-18,GBP,SLE,0.03636297521863239
2023-09-19,GBP,SLE,0.03636297521863239
2023-09-20,GBP,SLE,0.03636297521863239
2023-09-21,GBP,SLE,0.03636297521863239
2023-09-22,GBP,SLE,0.03636297521863239
2023-09-23,GBP,SLE,0.03636297521863239
2023-09-24,GBP,SLE,0.03636297521863239
2023-09-25,GBP,SLE,0.03636297521863239
2023-09-26,GBP,SLE,0.03636297521863239
2023-09-27,GBP,SLE,0.03636297521863239
2023-09-28,GBP,SLE,0.03636297521863239
2023-09-29,GBP,SLE,0.03636297521863239
2023-09-30,GBP,SLE,0.03636297521863239
2023-10-01,GBP,SLE,0.035782528107175825
2023-10-02,GBP,SLE,0.035782528107175825
2023-10-03,GBP,SLE,0.035782528107175825
2023-10-04,GBP,SLE,0.035782528107175825
2023-10-05,GBP,SLE,0.035782528107175825
2023-10-06,GBP,SLE,0.035782528107175825
2023-10-07,GBP,SLE,0.035782528107175825
2023-10-08,GBP,SLE,0.035782528107175825
2023-10-09,GBP,SLE,0.035782528107175825
2023-10-10,GBP,SLE,0.035782528107175825
2023-10-11,GBP,SLE,0.035782528107175825
2023-10-12,GBP,SLE,0.035782528107175825
2023-10-13,GBP,SLE,0.035782528107175825
2023-10-14,GBP,SLE,0.035782528107175825
2023-10-15,GBP,SLE,0.035782528107175825
2023-10-16,GBP,SLE,0.035782528107175825
2023-10-17,GBP,SLE,0.035782528107175825
2023-10-18,GBP,SLE,0.035782528107175825
2023-10-19,GBP,SLE,0.035782528107175825
2023-10-20,GBP,SLE,0.035782528107175825
2023-10-21,GBP,SLE,0.035782528107175825
2023-10-22,GBP,SLE,0.035782528107175825
2023-10-23,GBP,SLE,0.035782528107175825
2023-10-24,GBP,SLE,0.035782528107175825
2023-10-25,GBP,SLE,0.035782528107175825
2023-10-26,GBP,SLE,0.035782528107175825
2023-10-27,GBP,SLE,0.035782528107175825
2023-10-28,GBP,SLE,0.035782528107175825
2023-10-29,GBP,SLE,0.035782528107175825
2023-10-30,GBP,SLE,0.035782528107175825
2023-10-31,GBP,SLE,0.035782528107175825
2023-11-01,GBP,SLE,0.03659719299529726
2023-11-02,GBP,SLE,0.03659719299529726
2023-11-03,GBP,SLE,0.03659719299529726
2023-11-04,GBP,SLE,0.03659719299529726
2023-11-05,GBP,SLE,0.03659719299529726
2023-11-06,GBP,SLE,0.03659719299529726
2023-11-07,GBP,SLE,0.03659719299529726
2023-11-08,GBP,SLE,0.03659719299529726
2023-11-09,GBP,SLE,0.03659719299529726
2023-11-10,GBP,SLE,0.03659719299529726
2023-11-11,GBP,SLE,0.03659719299529726
2023-11-12,GBP,SLE,0.03659719299529726
2023-11-13,GBP,SLE,0.03659719299529726
2023-11-14,GBP,SLE,0.03659719299529726
2023-11-15,GBP,SLE,0.03659719299529726
2023-11-16,GBP,SLE,0.03659719299529726
2023-11-17,GBP,SLE,0.03659719299529726
2023-11-18,GBP,SLE,0.03659719299529726
2023-11-19,GBP,SLE,0.03659719299529726
2023-11-20,GBP,SLE,0.03659719299529726
2023-11-21,GBP,SLE,0.03659719299529726
2023-11-22,GBP,SLE,0.03659719299529726
2023-11-23,GBP,SLE,0.03659719299529726
2023-11-24,GBP,SLE,0.03659719299529726
2023-11-25,GBP,SLE,0.03659719299529726
2023-11-26,GBP,SLE,0.03659719299529726
2023-11-27,GBP,SLE,0.03659719299529726
2023-11-28,GBP,SLE,0.03659719299529726
2023-11-29,GBP,SLE,0.03659719299529726
2023-11-30,GBP,SLE,0.03659719299529726
2023-12-01,GBP,SLE,0.03539058822696692
2023-12-02,GBP,SLE,0.03539058822696692
2023-12-03,GBP,SLE,0.03539058822696692
2023-12-04,GBP,SLE,0.03539058822696692
2023-12-05,GBP,SLE,0.03539058822696692
2023-12-06,GBP,SLE,0.03539058822696692
2023-12-07,GBP,SLE,0.03539058822696692
2023-12-08,GBP,SLE,0.03539058822696692
2023-12-09,GBP,SLE,0.03539058822696692
2023-12-10,GBP,SLE,0.03539058822696692
2023-12-11,GBP,SLE,0.03539058822696692
2023-12-12,GBP,SLE,0.03539058822696692
2023-12-13,GBP,SLE,0.03539058822696692
2023-12-14,GBP,SLE,0.03539058822696692
2023-12-15,GBP,SLE,0.03539058822696692
2023-12-16,GBP,SLE,0.03539058822696692
2023-12-17,GBP,SLE,0.03539058822696692
2023-12-18,GBP,SLE,0.03539058822696692
2023-12-19,GBP,SLE,0.03539058822696692
2023-12-20,GBP,SLE,0.03539058822696692
2023-12-21,GBP,SLE,0.03539058822696692
2023-12-22,GBP,SLE,0.03539058822696692
2023-12-23,GBP,SLE,0.03539058822696692
2023-12-24,GBP,SLE,0.03539058822696692
2023-12-25,GBP,SLE,0.03539058822696692
2023-12-26,GBP,SLE,0.03539058822696692
2023-12-27,GBP,SLE,0.03539058822696692
2023-12-28,GBP,SLE,0.03539058822696692
2023-12-29,GBP,SLE,0.03539058822696692
2023-12-30,GBP,SLE,0.03539058822696692
2023-12-31,GBP,SLE,0.03539058822696692
2024-01-01,GBP,SLE,0.03479822250679435
2024-01-02,GBP,SLE,0.03479822250679435
2024-01-03,GBP,SLE,0.03479822250679435
2024-01-04,GBP,SLE,0.03479822250679435
2024-01-05,GBP,SLE,0.03479822250679435
2024-01-06,GBP,SLE,0.03479822250679435
2024-01-07,GBP,SLE,0.03479822250679435
2024-01-08,GBP,SLE,0.03479822250679435
2024-01-09,GBP,SLE,0.03479822250679435
2024-01-10,GBP,SLE,0.03479822250679435
2024-01-11,GBP,SLE,0.03479822250679435
2024-01-12,GBP,SLE,0.03479822250679435
2024-01-13,GBP,SLE,0.03479822250679435
2024-01-14,GBP,SLE,0.03479822250679435
2024-01-15,GBP,SLE,0.03479822250679435
2024-01-16,GBP,SLE,0.03479822250679435
2024-01-17,GBP,SLE,0.03479822250679435
2024-01-18,GBP,SLE,0.03479822250679435
2024-01-19,GBP,SLE,0.03479822250679435
2024-01-20,GBP,SLE,0.03479822250679435
2024-01-21,GBP,SLE,0.03479822250679435
2024-01-22,GBP,SLE,0.03479822250679435
2024-01-23,GBP,SLE,0.03479822250679435
2024-01-24,GBP,SLE,0.03479822250679435
2024-01-25,GBP,SLE,0.03479822250679435
2024-01-26,GBP,SLE,0.03479822250679435
2024-01-27,GBP,SLE,0.03479822250679435
2024-01-28,GBP,SLE,0.03479822250679435
2024-01-29,GBP,SLE,0.03479822250679435
2024-01-30,GBP,SLE,0.03479822250679435
2024-01-31,GBP,SLE,0.03479822250679435
2024-02-01,GBP,SLE,0.03464295241097627
2024-02-02,GBP,SLE,0.03464295241097627
2024-02-03,GBP,SLE,0.03464295241097627
2024-02-04,GBP,SLE,0.03464295241097627
2024-02-05,GBP,SLE,0.03464295241097627
2024-02-06,GBP,SLE,0.03464295241097627
2024-02-07,GBP,SLE,0.03464295241097627
2024-02-08,GBP,SLE,0.03464295241097627
2024-02-09,GBP,SLE,0.03464295241097627
2024-02-10,GBP,SLE,0.03464295241097627
2024-02-11,GBP,SLE,0.03464295241097627
2024-02-12,GBP,SLE,0.03464295241097627
2024-02-13,GBP,SLE,0.03464295241097627
2024-02-14,GBP,SLE,0.03464295241097627
2024-02-15,GBP,SLE,0.03464295241097627
2024-02-16,GBP,SLE,0.03464295241097627
2024-02-17,GBP,SLE,0.03464295241097627
2024-02-18,GBP,SLE,0.03464295241097627
2024-02-19,GBP,SLE,0.03464295241097627
2024-02-20,GBP,SLE,0.03464295241097627
2024-02-21,GBP,SLE,0.03464295241097627
2024-02-22,GBP,SLE,0.03464295241097627
2024-02-23,GBP,SLE,0.03464295241097627
2024-02-24,GBP,SLE,0.03464295241097627
2024-02-25,GBP,SLE,0.03464295241097627
2024-02-26,GBP,SLE,0.03464295241097627
2024-02-27,GBP,SLE,0.03464295241097627
2024-02-28,GBP,SLE,0.03464295241097627
2024-02-29,GBP,SLE,0.03464295241097627
2024-03-01,GBP,SLE,0.034782487713086216
2024-03-02,GBP,SLE,0.034782487713086216
2024-03-03,GBP,SLE,0.034782487713086216
2024-03-04,GBP,SLE,0.034782487713086216
2024-03-05,GBP,SLE,0.034782487713086216
2024-03-06,GBP,SLE,0.034782487713086216
2024-03-07,GBP,SLE,0.034782487713086216
2024-03-08,GBP,SLE,0.034782487713086216
2024-03-09,GBP,SLE,0.034782487713086216
2024-03-10,GBP,SLE,0.034782487713086216
2024-03-11,GBP,SLE,0.034782487713086216
2024-03-12,GBP,SLE,0.034782487713086216
2024-03-13,GBP,SLE,0.034782487713086216
2024-03-14,GBP,SLE,0.034782487713086216
2024-03-15,GBP,SLE,0.034782487713086216
2024-03-16,GBP,SLE,0.034782487713086216
2024-03-17,GBP,SLE,0.034782487713086216
2024-03-18,GBP,SLE,0.034782487713086216
2024-03-19,GBP,SLE,0.034782487713086216
2024-03-20,GBP,SLE,0.034782487713086216
2024-03-21,GBP,SLE,0.034782487713086216
2024-03-22,GBP,SLE,0.034782487713086216
2024-03-23,GBP,SLE,0.034782487713086216
2024-03-24,GBP,SLE,0.034782487713086216
2024-03-25,GBP,SLE,0.034782487713086216
2024-03-26,GBP,SLE,0.034782487713086216
2024-03-27,GBP,SLE,0.034782487713086216
2024-03-28,GBP,SLE,0.034782487713086216
2024-03-29,GBP,SLE,0.034782487713086216
2024-03-30,GBP,SLE,0.034782487713086216
2024-03-31,GBP,SLE,0.034782487713086216
2024-04-01,GBP,SLE,0.03479023229438103
2024-04-02,GBP,SLE,0.03479023229438103
2024-04-03,GBP,SLE,0.03479023229438103
2024-04-04,GBP,SLE,0.03479023229438103
2024-04-05,GBP,SLE,0.03479023229438103
2024-04-06,GBP,SLE,0.03479023229438103
2024-04-07,GBP,SLE,0.03479023229438103
2024-04-08,GBP,SLE,0.03479023229438103
2024-04-09,GBP,SLE,0.03479023229438103
2024-04-10,GBP,SLE,0.03479023229438103
2024-04-11,GBP,SLE,0.03479023229438103
2024-04-12,GBP,SLE,0.03479023229438103
2024-04-13,GBP,SLE,0.03479023229438103
2024-04-14,GBP,SLE,0.03479023229438103
2024-04-15,GBP,SLE,0.03479023229438103
2024-04-16,GBP,SLE,0.03479023229438103
2024-04-17,GBP,SLE,0.03479023229438103
2024-04-18,GBP,SLE,0.03479023229438103
2024-04-19,GBP,SLE,0.03479023229438103
2024-04-20,GBP,SLE,0.03479023229438103
2024-04-21,GBP,SLE,0.03479023229438103
2024-04-22,GBP,SLE,0.03479023229438103
2024-04-23,GBP,SLE,0.03479023229438103
2024-04-24,GBP,SLE,0.03479023229438103
2024-04-25,GBP,SLE,0.03479023229438103
2024-04-26,GBP,SLE,0.03479023229438103
2024-04-27,GBP,SLE,0.03479023229438103
2024-04-28,GBP,SLE,0.03479023229438103
2024-04-29,GBP,SLE,0.03479023229438103
2024-04-30,GBP,SLE,0.03479023229438103
2024-05-01,GBP,SLE,0.03551956239899124
2024-05-02,GBP,SLE,0.03551956239899124
2024-05-03,GBP,SLE,0.03551956239899124
2024-05-04,GBP,SLE,0.03551956239899124
2024-05-05,GBP,SLE,0.03551956239899124
2024-05-06,GBP,SLE,0.03551956239899124
2024-05-07,GBP,SLE,0.03551956239899124
2024-05-08,GBP,SLE,0.03551956239899124
2024-05-09,GBP,SLE,0.03551956239899124
2024-05-10,GBP,SLE,0.03551956239899124
2024-05-11,GBP,SLE,0.03551956239899124
2024-05-12,GBP,SLE,0.03551956239899124
2024-05-13,GBP,SLE,0.03551956239899124
2024-05-14,GBP,SLE,0.03551956239899124
2024-05-15,GBP,SLE,0.03551956239899124
2024-05-16,GBP,SLE,0.03551956239899124
2024-05-17,GBP,SLE,0.03551956239899124
2024-05-18,GBP,SLE,0.03551956239899124
2024-05-19,GBP,SLE,0.03551956239899124
2024-05-20,GBP,SLE,0.03551956239899124
2024-05-21,GBP,SLE,0.03551956239899124
2024-05-22,GBP,SLE,0.03551956239899124
2024-05-23,GBP,SLE,0.03551956239899124
2024-05-24,GBP,SLE,0.03551956239899124
2024-05-25,GBP,SLE,0.03551956239899124
2024-05-26,GBP,SLE,0.03551956239899124
2024-05-27,GBP,SLE,0.03551956239899124
2024-05-28,GBP,SLE,0.03551956239899124
2024-05-29,GBP,SLE,0.03551956239899124
2024-05-30,GBP,SLE,0.03551956239899124
2024-05-31,GBP,SLE,0.03551956239899124
2024-06-01,GBP,SLE,0.03474333362286112
2024-06-02,GBP,SLE,0.03474333362286112
2024-06-03,GBP,SLE,0.03474333362286112
2024-06-04,GBP,SLE,0.03474333362286112
2024-06-05,GBP,SLE,0.03474333362286112
2024-06-06,GBP,SLE,0.03474333362286112
2024-06-07,GBP,SLE,0.03474333362286112
2024-06-08,GBP,SLE,0.03474333362286112
2024-06-09,GBP,SLE,0.03474333362286112
2024-06-10,GBP,SLE,0.03474333362286112
2024-06-11,GBP,SLE,0.03474333362286112
2024-06-12,GBP,SLE,0.03474333362286112
2024-06-13,GBP,SLE,0.03474333362286112
2024-06-14,GBP,SLE,0.03474333362286112
2024-06-15,GBP,SLE,0.03474333362286112
2024-06-16,GBP,SLE,0.03474333362286112
2024-06-17,GBP,SLE,0.03474333362286112
2024-06-18,GBP,SLE,0.03474333362286112
2024-06-19,GBP,SLE,0.03474333362286112
2024-06-20,GBP,SLE,0.03474333362286112
2024-06-21,GBP,SLE,0.03474333362286112
2024-06-22,GBP,SLE,0.03474333362286112
2024-06-23,GBP,SLE,0.03474333362286112
2024-06-24,GBP,SLE,0.03474333362286112
2024-06-25,GBP,SLE,0.03474333362286112
2024-06-26,GBP,SLE,0.03474333362286112
2024-06-27,GBP,SLE,0.03474333362286112
2024-06-28,GBP,SLE,0.03474333362286112
2024-06-29,GBP,SLE,0.03474333362286112
2024-06-30,GBP,SLE,0.03474333362286112
2024-07-01,GBP,SLE,0.03498497395368689
2024-07-02,GBP,SLE,0.03498497395368689
2024-07-03,GBP,SLE,0.03498497395368689
2024-07-04,GBP,SLE,0.03498497395368689
2024-07-05,GBP,SLE,0.03498497395368689
2024-07-06,GBP,SLE,0.03498497395368689
2024-07-07,GBP,SLE,0.03498497395368689
2024-07-08,GBP,SLE,0.03498497395368689
2024-07-09,GBP,SLE,0.03498497395368689
2024-07-10,GBP,SLE,0.03498497395368689
2024-07-11,GBP,SLE,0.03498497395368689
2024-07-12,GBP,SLE,0.03498497395368689
2024-07-13,GBP,SLE,0.03498497395368689
2024-07-14,GBP,SLE,0.03498497395368689
2024-07-15,GBP,SLE,0.03498497395368689
2024-07-16,GBP,SLE,0.03498497395368689
2024-07-17,GBP,SLE,0.03498497395368689
2024-07-18,GBP,SLE,0.03498497395368689
2024-07-19,GBP,SLE,0.03498497395368689
2024-07-20,GBP,SLE,0.03498497395368689
2024-07-21,GBP,SLE,0.03498497395368689
2024-07-22,GBP,SLE,0.03498497395368689
2024-07-23,GBP,SLE,0.03498497395368689
2024-07-24,GBP,SLE,0.03498497395368689
2024-07-25,GBP,SLE,0.03498497395368689
2024-07-26,GBP,SLE,0.03498497395368689
2024-07-27,GBP,SLE,0.03498497395368689
2024-07-28,GBP,SLE,0.03498497395368689
2024-07-29,GBP,SLE,0.03498497395368689
2024-07-30,GBP,SLE,0.03498497395368689
2024-07-31,GBP,SLE,0.03498497395368689
2024-08-01,GBP,SLE,0.03402726264282943
2024-08-02,GBP,SLE,0.03402726264282943
2024-08-03,GBP,SLE,0.03402726264282943
2024-08-04,GBP,SLE,0.03402726264282943
2024-08-05,GBP,SLE,0.03402726264282943
2024-08-06,GBP,SLE,0.03402726264282943
2024-08-07,GBP,SLE,0.03402726264282943
2024-08-08,GBP,SLE,0.03402726264282943
2024-08-09,GBP,SLE,0.03402726264282943
2024-08-10,GBP,SLE,0.03402726264282943
2024-08-11,GBP,SLE,0.03402726264282943
2024-08-12,GBP,SLE,0.03402726264282943
2024-08-13,GBP,SLE,0.03402726264282943
2024-08-14,GBP,SLE,0.03402726264282943
2024-08-15,GBP,SLE,0.03402726264282943
2024-08-16,GBP,SLE,0.03402726264282943
2024-08-17,GBP,SLE,0.03402726264282943
2024-08-18,GBP,SLE,0.03402726264282943
2024-08-19,GBP,SLE,0.03402726264282943
2024-08-20,GBP,SLE,0.03402726264282943
2024-08-21,GBP,SLE,0.03402726264282943
2024-08-22,GBP,SLE,0.03402726264282943
2024-08-23,GBP,SLE,0.03402726264282943
2024-08-24,GBP,SLE,0.03402726264282943
2024-08-25,GBP,SLE,0.03402726264282943
2024-08-26,GBP,SLE,0.03402726264282943
2024-08-27,GBP,SLE,0.03402726264282943
2024-08-28,GBP,SLE,0.03402726264282943
2024-08-29,GBP,SLE,0.03402726264282943
2024-08-30,GBP,SLE,0.03402726264282943
2024-08-31,GBP,SLE,0.03402726264282943
2024-09-01,GBP,SLE,0.034165257349800984
2024-09-02,GBP,SLE,0.034165257349800984
2024-09-03,GBP,SLE,0.034165257349800984
2024-09-04,GBP,SLE,0.034165257349800984
2024-09-05,GBP,SLE,0.034165257349800984
2024-09-06,GBP,SLE,0.034165257349800984
2024-09-07,GBP,SLE,0.034165257349800984
2024-09-08,GBP,SLE,0.034165257349800984
2024-09-09,GBP,SLE,0.034165257349800984
2024-09-10,GBP,SLE,0.034165257349800984
2024-09-11,GBP,SLE,0.034165257349800984
2024-09-12,GBP,SLE,0.034165257349800984
2024-09-13,GBP,SLE,0.034165257349800984
2024-09-14,GBP,SLE,0.034165257349800984
2024-09-15,GBP,SLE,0.034165257349800984
2024-09-16,GBP,SLE,0.034165257349800984
2024-09-17,GBP,SLE,0.034165257349800984
2024-09-18,GBP,SLE,0.034165257349800984
2024-09-19,GBP,SLE,0.034165257349800984
2024-09-20,GBP,SLE,0.034165257349800984
2024-09-21,GBP,SLE,0.034165257349800984
2024-09-22,GBP,SLE,0.034165257349800984
2024-09-23,GBP,SLE,0.034165257349800984
2024-09-24,GBP,SLE,0.034165257349800984
2024-09-25,GBP,SLE,0.034165257349800984
2024-09-26,GBP,SLE,0.034165257349800984
2024-09-27,GBP,SLE,0.034165257349800984
2024-09-28,GBP,SLE,0.034165257349800984
2024-09-29,GBP,SLE,0.034165257349800984
2024-09-30,GBP,SLE,0.034165257349800984
2024-10-01,GBP,SLE,0.03345589342290591
2024-10-02,GBP,SLE,0.03345589342290591
2024-10-03,GBP,SLE,0.03345589342290591
2024-10-04,GBP,SLE,0.03345589342290591
2024-10-05,GBP,SLE,0.03345589342290591
2024-10-06,GBP,SLE,0.03345589342290591
2024-10-07,GBP,SLE,0.03345589342290591
2024-10-08,GBP,SLE,0.03345589342290591
2024-10-09,GBP,SLE,0.03345589342290591
2024-10-10,GBP,SLE,0.03345589342290591
2024-10-11,GBP,SLE,0.03345589342290591
2024-10-12,GBP,SLE,0.03345589342290591
2024-10-13,GBP,SLE,0.03345589342290591
2024-10-14,GBP,SLE,0.03345589342290591
2024-10-15,GBP,SLE,0.03345589342290591
2024-10-16,GBP,SLE,0.03345589342290591
2024-10-17,GBP,SLE,0.03345589342290591
2024-10-18,GBP,SLE,0.03345589342290591
2024-10-19,GBP,SLE,0.03345589342290591
2024-10-20,GBP,SLE,0.03345589342290591
2024-10-21,GBP,SLE,0.03345589342290591
2024-10-22,GBP,SLE,0.03345589342290591
2024-10-23,GBP,SLE,0.03345589342290591
2024-10-24,GBP,SLE,0.03345589342290591
2024-10-25,GBP,SLE,0.03345589342290591
2024-10-26,GBP,SLE,0.03345589342290591
2024-10-27,GBP,SLE,0.03345589342290591
2024-10-28,GBP,SLE,0.03345589342290591
2024-10-29,GBP,SLE,0.03345589342290591
2024-10-30,GBP,SLE,0.03345589342290591
2024-10-31,GBP,SLE,0.03345589342290591
2024-11-01,GBP,SLE,0.03401256424123071
2024-11-02,GBP,SLE,0.03401256424123071
2024-11-03,GBP,SLE,0.03401256424123071
2024-11-04,GBP,SLE,0.03401256424123071
2024-11-05,GBP,SLE,0.03401256424123071
2024-11-06,GBP,SLE,0.03401256424123071
2024-11-07,GBP,SLE,0.03401256424123071
2024-11-08,GBP,SLE,0.03401256424123071
2024-11-09,GBP,SLE,0.03401256424123071
2024-11-10,GBP,SLE,0.03401256424123071
2024-11-11,GBP,SLE,0.03401256424123071
2024-11-12,GBP,SLE,0.03401256424123071
2024-11-13,GBP,SLE,0.03401256424123071
2024-11-14,GBP,SLE,0.03401256424123071
2024-11-15,GBP,SLE,0.03401256424123071
2024-11-16,GBP,SLE,0.03401256424123071
2024-11-17,GBP,SLE,0.03401256424123071
2024-11-18,GBP,SLE,0.03401256424123071
2024-11-19,GBP,SLE,0.03401256424123071
2024-11-20,GBP,SLE,0.03401256424123071
2024-11-21,GBP,SLE,0.03401256424123071
2024-11-22,GBP,SLE,0.03401256424123071
2024-11-23,GBP,SLE,0.03401256424123071
2024-11-24,GBP,SLE,0.03401256424123071
2024-11-25,GBP,SLE,0.03401256424123071
2024-11-26,GBP,SLE,0.03401256424123071
2024-11-27,GBP,SLE,0.03401256424123071
2024-11-28,GBP,SLE,0.03401256424123071
2024-11-29,GBP,SLE,0.03401256424123071
2024-11-30,GBP,SLE,0.03401256424123071
2024-12-01,GBP,SLE,0.0349454850433324
2024-12-02,GBP,SLE,0.0349454850433324
2024-12-03,GBP,SLE,0.0349454850433324
2024-12-04,GBP,SLE,0.0349454850433324
2024-12-05,GBP,SLE,0.0349454850433324
2024-12-06,GBP,SLE,0.0349454850433324
2024-12-07,GBP,SLE,0.0349454850433324
2024-12-08,GBP,SLE,0.0349454850433324
2024-12-09,GBP,SLE,0.0349454850433324
2024-12-10,GBP,SLE,0.0349454850433324
2024-12-11,GBP,SLE,0.0349454850433324
2024-12-12,GBP,SLE,0.0349454850433324
2024-12-13,GBP,SLE,0.0349454850433324
2024-12-14,GBP,SLE,0.0349454850433324
2024-12-15,GBP,SLE,0.0349454850433324
2024-12-16,GBP,SLE,0.0349454850433324
2024-12-17,GBP,SLE,0.0349454850433324
2024-12-18,GBP,SLE,0.0349454850433324
2024-12-19,GBP,SLE,0.0349454850433324
2024-12-20,GBP,SLE,0.0349454850433324
2024-12-21,GBP,SLE,0.0349454850433324
2024-12-22,GBP,SLE,0.0349454850433324
2024-12-23,GBP,SLE,0.0349454850433324
2024-12-24,GBP,SLE,0.0349454850433324
2024-12-25,GBP,SLE,0.0349454850433324
2024-12-26,GBP,SLE,0.0349454850433324
2024-12-27,GBP,SLE,0.0349454850433324
2024-12-28,GBP,SLE,0.0349454850433324
2024-12-29,GBP,SLE,0.0349454850433324
2024-12-30,GBP,SLE,0.0349454850433324
2024-12-31,GBP,SLE,0.0349454850433324
2025-01-01,GBP,SLE,0.034580418492224596
2025-01-02,GBP,SLE,0.034580418492224596
2025-01-03,GBP,SLE,0.034580418492224596
2025-01-04,GBP,SLE,0.034580418492224596
2025-01-05,GBP,SLE,0.034580418492224596
2025-01-06,GBP,SLE,0.034580418492224596
2025-01-07,GBP,SLE,0.034580418492224596
2025-01-08,GBP,SLE,0.034580418492224596
2025-01-09,GBP,SLE,0.034580418492224596
2025-01-10,GBP,SLE,0.034580418492224596
2025-01-11,GBP,SLE,0.034580418492224596
2025-01-12,GBP,SLE,0.034580418492224596
2025-01-13,GBP,SLE,0.034580418492224596
2025-01-14,GBP,SLE,0.034580418492224596
2025-01-15,GBP,SLE,0.034580418492224596
2025-01-16,GBP,SLE,0.034580418492224596
2025-01-17,GBP,SLE,0.034580418492224596
2025-01-18,GBP,SLE,0.034580418492224596
2025-01-19,GBP,SLE,0.034580418492224596
2025-01-20,GBP,SLE,0.034580418492224596
2025-01-21,GBP,SLE,0.034580418492224596
2025-01-22,GBP,SLE,0.034580418492224596
2025-01-23,GBP,SLE,0.034580418492224596
2025-01-24,GBP,SLE,0.034580418492224596
2025-01-25,GBP,SLE,0.034580418492224596
2025-01-26,GBP,SLE,0.034580418492224596
2025-01-27,GBP,SLE,0.034580418492224596
2025-01-28,GBP,SLE,0.034580418492224596
2025-01-29,GBP,SLE,0.034580418492224596
2025-01-30,GBP,SLE,0.034580418492224596
2025-01-31,GBP,SLE,0.034580418492224596
2025-02-01,GBP,SLE,0.03557465519265455
2025-02-02,GBP,SLE,0.03557465519265455
2025-02-03,GBP,SLE,0.03557465519265455
2025-02-04,GBP,SLE,0.03557465519265455
2025-02-05,GBP,SLE,0.03557465519265455
2025-02-06,GBP,SLE,0.03557465519265455
2025-02-07,GBP,SLE,0.03557465519265455
2025-02-08,GBP,SLE,0.03557465519265455
2025-02-09,GBP,SLE,0.03557465519265455
2025-02-10,GBP,SLE,0.03557465519265455
2025-02-11,GBP,SLE,0.03557465519265455
2025-02-12,GBP,SLE,0.03557465519265455
2025-02-13,GBP,SLE,0.03557465519265455
2025-02-14,GBP,SLE,0.03557465519265455
2025-02-15,GBP,SLE,0.03557465519265455
2025-02-16,GBP,SLE,0.03557465519265455
2025-02-17,GBP,SLE,0.03557465519265455
2025-02-18,GBP,SLE,0.03557465519265455
2025-02-19,GBP,SLE,0.03557465519265455
2025-02-20,GBP,SLE,0.03557465519265455
2025-02-21,GBP,SLE,0.03557465519265455
2025-02-22,GBP,SLE,0.03557465519265455
2025-02-23,GBP,SLE,0.03557465519265455
2025-02-24,GBP,SLE,0.03557465519265455
2025-02-25,GBP,SLE,0.03557465519265455
2025-02-26,GBP,SLE,0.03557465519265455
2025-02-27,GBP,SLE,0.03557465519265455
2025-02-28,GBP,SLE,0.03557465519265455
2025-03-01,GBP,SLE,0.03480573180791413
2025-03-02,GBP,SLE,0.03480573180791413
2025-03-03,GBP,SLE,0.03480573180791413
2025-03-04,GBP,SLE,0.03480573180791413
2025-03-05,GBP,SLE,0.03480573180791413
2025-03-06,GBP,SLE,0.03480573180791413
2025-03-07,GBP,SLE,0.03480573180791413
2025-03-08,GBP,SLE,0.03480573180791413
2025-03-09,GBP,SLE,0.03480573180791413
2025-03-10,GBP,SLE,0.03480573180791413
2025-03-11,GBP,SLE,0.03480573180791413
2025-03-12,GBP,SLE,0.03480573180791413
2025-03-13,GBP,SLE,0.03480573180791413
2025-03-14,GBP,SLE,0.03480573180791413
2025-03-15,GBP,SLE,0.03480573180791413
2025-03-16,GBP,SLE,0.03480573180791413
2025-03-17,GBP,SLE,0.03480573180791413
2025-03-18,GBP,SLE,0.03480573180791413
2025-03-19,GBP,SLE,0.03480573180791413
2025-03-20,GBP,SLE,0.03480573180791413
2025-03-21,GBP,SLE,0.03480573180791413
2025-03-22,GBP,SLE,0.03480573180791413
2025-03-23,GBP,SLE,0.03480573180791413
2025-03-24,GBP,SLE,0.03480573180791413
2025-03-25,GBP,SLE,0.03480573180791413
2025-03-26,GBP,SLE,0.03480573180791413
2025-03-27,GBP,SLE,0.03480573180791413
2025-03-28,GBP,SLE,0.03480573180791413
2025-03-29,GBP,SLE,0.03480573180791413
2025-03-30,GBP,SLE,0.03480573180791413
2025-03-31,GBP,SLE,0.03480573180791413
2025-04-01,GBP,SLE,0.033765304124094245
2025-04-02,GBP,SLE,0.033765304124094245
2025-04-03,GBP,SLE,0.033765304124094245
2025-04-04,GBP,SLE,0.033765304124094245
2025-04-05,GBP,SLE,0.033765304124094245
2025-04-06,GBP,SLE,0.033765304124094245
2025-04-07,GBP,SLE,0.033765304124094245
2025-04-08,GBP,SLE,0.033765304124094245
2025-04-09,GBP,SLE,0.033765304124094245
2025-04-10,GBP,SLE,0.033765304124094245
2025-04-11,GBP,SLE,0.033765304124094245
2025-04-12,GBP,SLE,0.033765304124094245
2025-04-13,GBP,SLE,0.033765304124094245
2025-04-14,GBP,SLE,0.033765304124094245
2025-04-15,GBP,SLE,0.033765304124094245
2025-04-16,GBP,SLE,0.033765304124094245
2025-04-17,GBP,SLE,0.033765304124094245
2025-04-18,GBP,SLE,0.033765304124094245
2025-04-19,GBP,SLE,0.033765304124094245
2025-04-20,GBP,SLE,0.033765304124094245
2025-04-21,GBP,SLE,0.033765304124094245
2025-04-22,GBP,SLE,0.033765304124094245
2025-04-23,GBP,SLE,0.033765304124094245
2025-04-24,GBP,SLE,0.033765304124094245
2025-04-25,GBP,SLE,0.033765304124094245
2025-04-26,GBP,SLE,0.033765304124094245
2025-04-27,GBP,SLE,0.033765304124094245
2025-04-28,GBP,SLE,0.033765304124094245
2025-04-29,GBP,SLE,0.033765304124094245
2025-04-30,GBP,SLE,0.033765304124094245
2025-05-01,GBP,SLE,0.03312508695335325
2025-05-02,GBP,SLE,0.03312508695335325
2025-05-03,GBP,SLE,0.03312508695335325
2025-05-04,GBP,SLE,0.03312508695335325
2025-05-05,GBP,SLE,0.03312508695335325
2025-05-06,GBP,SLE,0.03312508695335325
2025-05-07,GBP,SLE,0.03312508695335325
2025-05-08,GBP,SLE,0.03312508695335325
2025-05-09,GBP,SLE,0.03312508695335325
2025-05-10,GBP,SLE,0.03312508695335325
2025-05-11,GBP,SLE,0.03312508695335325
2025-05-12,GBP,SLE,0.03312508695335325
2025-05-13,GBP,SLE,0.03312508695335325
2025-05-14,GBP,SLE,0.03312508695335325
2025-05-15,GBP,SLE,0.03312508695335325
2025-05-16,GBP,SLE,0.03312508695335325
2025-05-17,GBP,SLE,0.03312508695335325
2025-05-18,GBP,SLE,0.03312508695335325
2025-05-19,GBP,SLE,0.03312508695335325
2025-05-20,GBP,SLE,0.03312508695335325
2025-05-21,GBP,SLE,0.03312508695335325
2025-05-22,GBP,SLE,0.03312508695335325
2025-05-23,GBP,SLE,0.03312508695335325
2025-05-24,GBP,SLE,0.03312508695335325
2025-05-25,GBP,SLE,0.03312508695335325
2025-05-26,GBP,SLE,0.03312508695335325
2025-05-27,GBP,SLE,0.03312508695335325
2025-05-28,GBP,SLE,0.03312508695335325
2025-05-29,GBP,SLE,0.03312508695335325
2025-05-30,GBP,SLE,0.03312508695335325
2025-05-31,GBP,SLE,0.03312508695335325
2025-06-01,GBP,SLE,0.03270143264976439
2025-06-02,GBP,SLE,0.03270143264976439
2025-06-03,GBP,SLE,0.03270143264976439
2025-06-04,GBP,SLE,0.03270143264976439
2025-06-05,GBP,SLE,0.03270143264976439
2025-06-06,GBP,SLE,0.03270143264976439
2025-06-07,GBP,SLE,0.03270143264976439
2025-06-08,GBP,SLE,0.03270143264976439
2025-06-09,GBP,SLE,0.03270143264976439
2025-06-10,GBP,SLE,0.03270143264976439
2025-06-11,GBP,SLE,0.03270143264976439
2025-06-12,GBP,SLE,0.03270143264976439
2025-06-13,GBP,SLE,0.03270143264976439
2025-06-14,GBP,SLE,0.03270143264976439
2025-06-15,GBP,SLE,0.03270143264976439
2025-06-16,GBP,SLE,0.03270143264976439
2025-06-17,GBP,SLE,0.03270143264976439
2025-06-18,GBP,SLE,0.03270143264976439
2025-06-19,GBP,SLE,0.03270143264976439
2025-06-20,GBP,SLE,0.03270143264976439
2025-06-21,GBP,SLE,0.03270143264976439
2025-06-22,GBP,SLE,0.03270143264976439
2025-06-23,GBP,SLE,0.03270143264976439
2025-06-24,GBP,SLE,0.03270143264976439
2025-06-25,GBP,SLE,0.03270143264976439
2025-06-26,GBP,SLE,0.03270143264976439
2025-06-27,GBP,SLE,0.03270143264976439
2025-06-28,GBP,SLE,0.03270143264976439
2025-06-29,GBP,SLE,0.03270143264976439
2025-06-30,GBP,SLE,0.03270143264976439
2025-07-01,GBP,SLE,0.03264208282602096
2025-07-02,GBP,SLE,0.03264208282602096
2025-07-03,GBP,SLE,0.03264208282602096
2025-07-04,GBP,SLE,0.03264208282602096
2025-07-05,GBP,SLE,0.03264208282602096
2025-07-06,GBP,SLE,0.03264208282602096
2025-07-07,GBP,SLE,0.03264208282602096
2025-07-08,GBP,SLE,0.03264208282602096
2025-07-09,GBP,SLE,0.03264208282602096
2025-07-10,GBP,SLE,0.03264208282602096
2025-07-11,GBP,SLE,0.03264208282602096
2025-07-12,GBP,SLE,0.03264208282602096
2025-07-13,GBP,SLE,0.03264208282602096
2025-07-14,GBP,SLE,0.03264208282602096
2025-07-15,GBP,SLE,0.03264208282602096
2025-07-16,GBP,SLE,0.03264208282602096
2025-07-17,GBP,SLE,0.03264208282602096
2025-07-18,GBP,SLE,0.03264208282602096
2025-07-19,GBP,SLE,0.03264208282602096
2025-07-20,GBP,SLE,0.03264208282602096
2025-07-21,GBP,SLE,0.03264208282602096
2025-07-22,GBP,SLE,0.03264208282602096
2025-07-23,GBP,SLE,0.03264208282602096
2025-07-24,GBP,SLE,0.03264208282602096
2025-07-25,GBP,SLE,0.03264208282602096
2025-07-26,GBP,SLE,0.03264208282602096
2025-07-27,GBP,SLE,0.03264208282602096
2025-07-28,GBP,SLE,0.03264208282602096
2025-07-29,GBP,SLE,0.03264208282602096
2025-07-30,GBP,SLE,0.03264208282602096
2025-07-31,GBP,SLE,0.03264208282602096
2025-08-01,GBP,SLE,0.032490529010793356
2025-08-02,GBP,SLE,0.032490529010793356
2025-08-03,GBP,SLE,0.032490529010793356
2025-08-04,GBP,SLE,0.032490529010793356
2025-08-05,GBP,SLE,0.032490529010793356
2025-08-06,GBP,SLE,0.032490529010793356
2025-08-07,GBP,SLE,0.032490529010793356
2025-08-08,GBP,SLE,0.032490529010793356
2025-08-09,GBP,SLE,0.032490529010793356
2025-08-10,GBP,SLE,0.032490529010793356
2025-08-11,GBP,SLE,0.032490529010793356
2025-08-12,GBP,SLE,0.032490529010793356
2025-08-13,GBP,SLE,0.032490529010793356
2025-08-14,GBP,SLE,0.032490529010793356
2025-08-15,GBP,SLE,0.032490529010793356
2025-08-16,GBP,SLE,0.032490529010793356
2025-08-17,GBP,SLE,0.032490529010793356
2025-08-18,GBP,SLE,0.032490529010793356
2025-08-19,GBP,SLE,0.032490529010793356
2025-08-20,GBP,SLE,0.032490529010793356
2025-08-21,GBP,SLE,0.032490529010793356
2025-08-22,GBP,SLE,0.032490529010793356
2025-08-23,GBP,SLE,0.032490529010793356
2025-08-24,GBP,SLE,0.032490529010793356
2025-08-25,GBP,SLE,0.032490529010793356
2025-08-26,GBP,SLE,0.032490529010793356
2025-08-27,GBP,SLE,0.032490529010793356
2025-08-28,GBP,SLE,0.032490529010793356
2025-08-29,GBP,SLE,0.032490529010793356
2025-08-30,GBP,SLE,0.032490529010793356
2025-08-31,GBP,SLE,0.032490529010793356
2025-09-01,GBP,SLE,0.03266778172694961
2025-09-02,GBP,SLE,0.03266778172694961
2025-09-03,GBP,SLE,0.03266778172694961
2025-09-04,GBP,SLE,0.03266778172694961
2025-09-05,GBP,SLE,0.03266778172694961
2025-09-06,GBP,SLE,0.03266778172694961
2025-09-07,GBP,SLE,0.03266778172694961
2025-09-08,GBP,SLE,0.03266778172694961
2025-09-09,GBP,SLE,0.03266778172694961
2025-09-10,GBP,SLE,0.03266778172694961
2025-09-11,GBP,SLE,0.03266778172694961
2025-09-12,GBP,SLE,0.03266778172694961
2025-09-13,GBP,SLE,0.03266778172694961
2025-09-14,GBP,SLE,0.03266778172694961
2025-09-15,GBP,SLE,0.03266778172694961
2025-09-16,GBP,SLE,0.03266778172694961
2025-09-17,GBP,SLE,0.03266778172694961
2025-09-18,GBP,SLE,0.03266778172694961
2025-09-19,GBP,SLE,0.03266778172694961
2025-09-20,GBP,SLE,0.03266778172694961
2025-09-21,GBP,SLE,0.03266778172694961
2025-09-22,GBP,SLE,0.03266778172694961
2025-09-23,GBP,SLE,0.03266778172694961
2025-09-24,GBP,SLE,0.03266778172694961
2025-09-25,GBP,SLE,0.03266778172694961
2025-09-26,GBP,SLE,0.03266778172694961
2025-09-27,GBP,SLE,0.03266778172694961
2025-09-28,GBP,SLE,0.03266778172694961
2025-09-29,GBP,SLE,0.03266778172694961
2025-09-30,GBP,SLE,0.03266778172694961
2025-10-01,GBP,SLE,0.032165717777992216
2025-10-02,GBP,SLE,0.032165717777992216
2025-10-03,GBP,SLE,0.032165717777992216
2025-10-04,GBP,SLE,0.032165717777992216
2025-10-05,GBP,SLE,0.032165717777992216
2025-10-06,GBP,SLE,0.032165717777992216
2025-10-07,GBP,SLE,0.032165717777992216
2025-10-08,GBP,SLE,0.032165717777992216
2025-10-09,GBP,SLE,0.032165717777992216
2025-10-10,GBP,SLE,0.032165717777992216
2025-10-11,GBP,SLE,0.032165717777992216
2025-10-12,GBP,SLE,0.032165717777992216
2025-10-13,GBP,SLE,0.032165717777992216
2025-10-14,GBP,SLE,0.032165717777992216
2025-10-15,GBP,SLE,0.032165717777992216
2025-10-16,GBP,SLE,0.032165717777992216
2025-10-17,GBP,SLE,0.032165717777992216
2025-10-18,GBP,SLE,0.032165717777992216
2025-10-19,GBP,SLE,0.032165717777992216
2025-10-20,GBP,SLE,0.032165717777992216
2025-10-21,GBP,SLE,0.032165717777992216
2025-10-22,GBP,SLE,0.032165717777992216
2025-10-23,GBP,SLE,0.032165717777992216
2025-10-24,GBP,SLE,0.032165717777992216
2025-10-25,GBP,SLE,0.032165717777992216
2025-10-26,GBP,SLE,0.032165717777992216
2025-10-27,GBP,SLE,0.032165717777992216
2025-10-28,GBP,SLE,0.032165717777992216
2025-10-29,GBP,SLE,0.032165717777992216
2025-10-30,GBP,SLE,0.032165717777992216
2025-10-31,GBP,SLE,0.032165717777992216
2025-11-01,GBP,SLE,0.03306823630561664
2025-11-02,GBP,SLE,0.03306823630561664
2025-11-03,GBP,SLE,0.03306823630561664
2025-11-04,GBP,SLE,0.03306823630561664
2025-11-05,GBP,SLE,0.03306823630561664
2025-11-06,GBP,SLE,0.03306823630561664
2025-11-07,GBP,SLE,0.03306823630561664
2025-11-08,GBP,SLE,0.03306823630561664
2025-11-09,GBP,SLE,0.03306823630561664
2025-11-10,GBP,SLE,0.03306823630561664
2025-11-11,GBP,SLE,0.03306823630561664
2025-11-12,GBP,SLE,0.03306823630561664
2025-11-13,GBP,SLE,0.03306823630561664
2025-11-14,GBP,SLE,0.03306823630561664
2025-11-15,GBP,SLE,0.03306823630561664
2025-11-16,GBP,SLE,0.03306823630561664
2025-11-17,GBP,SLE,0.03306823630561664
2025-11-18,GBP,SLE,0.03306823630561664
2025-11-19,GBP,SLE,0.03306823630561664
2025-11-20,GBP,SLE,0.03306823630561664
2025-11-21,GBP,SLE,0.03306823630561664
2025-11-22,GBP,SLE,0.03306823630561664
2025-11-23,GBP,SLE,0.03306823630561664
2025-11-24,GBP,SLE,0.03306823630561664
2025-11-25,GBP,SLE,0.03306823630561664
2025-11-26,GBP,SLE,0.03306823630561664
2025-11-27,GBP,SLE,0.03306823630561664
2025-11-28,GBP,SLE,0.03306823630561664
2025-11-29,GBP,SLE,0.03306823630561664
2025-11-30,GBP,SLE,0.03306823630561664
2025-12-01,GBP,SLE,0.0332769843065742
2025-12-02,GBP,SLE,0.0332769843065742
2025-12-03,GBP,SLE,0.0332769843065742
2025-12-04,GBP,SLE,0.0332769843065742
2025-12-05,GBP,SLE,0.0332769843065742
2025-12-06,GBP,SLE,0.0332769843065742
2025-12-07,GBP,SLE,0.0332769843065742
2025-12-08,GBP,SLE,0.0332769843065742
2025-12-09,GBP,SLE,0.0332769843065742
2025-12-10,GBP,SLE,0.0332769843065742
2025-12-11,GBP,SLE,0.0332769843065742
2025-12-12,GBP,SLE,0.0332769843065742
2025-12-13,GBP,SLE,0.0332769843065742
2025-12-14,GBP,SLE,0.0332769843065742
2025-12-15,GBP,SLE,0.0332769843065742
2025-12-16,GBP,SLE,0.0332769843065742
2025-12-17,GBP,SLE,0.0332769843065742
2025-12-18,GBP,SLE,0.0332769843065742
2025-12-19,GBP,SLE,0.0332769843065742
2025-12-20,GBP,SLE,0.0332769843065742
2025-12-21,GBP,SLE,0.0332769843065742
2025-12-22,GBP,SLE,0.0332769843065742
2025-12-23,GBP,SLE,0.0332769843065742
2025-12-24,GBP,SLE,0.0332769843065742
2025-12-25,GBP,SLE,0.0332769843065742
2025-12-26,GBP,SLE,0.0332769843065742
2025-12-27,GBP,SLE,0.0332769843065742
2025-12-28,GBP,SLE,0.0332769843065742
2025-12-29,GBP,SLE,0.0332769843065742
2025-12-30,GBP,SLE,0.0332769843065742
2025-12-31,GBP,SLE,0.0332769843065742
2026-01-01,GBP,SLE,0.03267728242648429
2026-01-02,GBP,SLE,0.03267728242648429
2026-01-03,GBP,SLE,0.03267728242648429
2026-01-04,GBP,SLE,0.03267728242648429
2026-01-05,GBP,SLE,0.03267728242648429
2026-01-06,GBP,SLE,0.03267728242648429
2026-01-07,GBP,SLE,0.03267728242648429
2026-01-08,GBP,SLE,0.03267728242648429
2026-01-09,GBP,SLE,0.03267728242648429
2026-01-10,GBP,SLE,0.03267728242648429
2026-01-11,GBP,SLE,0.03267728242648429
2026-01-12,GBP,SLE,0.03267728242648429
2026-01-13,GBP,SLE,0.03267728242648429
2026-01-14,GBP,SLE,0.03267728242648429
2026-01-15,GBP,SLE,0.03267728242648429
2026-01-16,GBP,SLE,0.03267728242648429
2026-01-17,GBP,SLE,0.03267728242648429
2026-01-18,GBP,SLE,0.03267728242648429
2026-01-19,GBP,SLE,0.03267728242648429
2026-01-20,GBP,SLE,0.03267728242648429
2026-01-21,GBP,SLE,0.03267728242648429
2026-01-22,GBP,SLE,0.03267728242648429
2026-01-23,GBP,SLE,0.03267728242648429
2026-01-24,GBP,SLE,0.03267728242648429
2026-01-25,GBP,SLE,0.03267728242648429
2026-01-26,GBP,SLE,0.03267728242648429
2026-01-27,GBP,SLE,0.03267728242648429
2026-01-28,GBP,SLE,0.03267728242648429
2026-01-29,GBP,SLE,0.03267728242648429
2026-01-30,GBP,SLE,0.03267728242648429
2026-01-31,GBP,SLE,0.03267728242648429
